[[[103  30   4]
  [104  31   5]
  [105  32   5]
  ...
  [244 116  20]
  [242 118  22]
  [121  59  11]]

 [[119  38   2]
  [120  39   2]
  [121  39   3]
  ...
  [251 121  27]
  [250 122  29]
  [125  61  15]]

 [[142  47   0]
  [144  48   0]
  [145  49   0]
  ...
  [253 120  28]
  [251 120  29]
  [125  60  15]]

 ...

 [[  2   2   2]
  [  3   3   3]
  [  2   2   2]
  ...
  [  3   1   0]
  [  6   1   0]
  [  3   1   0]]

 [[  2   2   2]
  [  3   3   3]
  [  2   2   2]
  ...
  [  3   1   0]
  [  5   1   0]
  [  2   0   0]]

 [[  2   2   2]
  [  3   3   3]
  [  2   2   2]
  ...
  [  3   1   0]
  [  3   2   0]
  [  1   1   0]]]