[[[ 98  26   2]
  [ 98  26   2]
  [ 99  27   3]
  ...
  [235 111  15]
  [235 111  15]
  [234 110  14]]

 [[107  33   6]
  [107  33   6]
  [108  34   7]
  ...
  [251 127  31]
  [250 126  30]
  [250 126  30]]

 [[115  36   5]
  [115  36   5]
  [115  36   3]
  ...
  [249 122  29]
  [249 122  29]
  [249 122  29]]

 ...

 [[  1   1   1]
  [  2   2   2]
  [  2   2   2]
  ...
  [  5   1   0]
  [  5   1   0]
  [  5   1   0]]

 [[  1   1   1]
  [  2   2   2]
  [  2   2   2]
  ...
  [  3   2   0]
  [  3   2   0]
  [  3   2   0]]

 [[  1   1   1]
  [  2   2   2]
  [  2   2   2]
  ...
  [  3   2   0]
  [  3   2   0]
  [  3   2   0]]]